username
______lele_____
toddedaniele
redkelso4316
imtheitaliansam
marcobortol
omosanzaiettere
sxtina
mark_urbs
omisoc2
cassati11
andreaingletto
hollowhowl1
matteo_deangels
adamfoureira
indacoxd
______lele_____
toddedaniele
redkelso4316
imtheitaliansam
marcobortol
omosanzaiettere
sxtina
mark_urbs
omisoc2
cassati11
andreaingletto
hollowhowl1
matteo_deangels
adamfoureira
indacoxd
______lele_____
toddedaniele
redkelso4316
imtheitaliansam
marcobortol
omosanzaiettere
sxtina
mark_urbs
omisoc2
cassati11
andreaingletto
hollowhowl1
matteo_deangels
adamfoureira
indacoxd
