username
alessan48138844
semir70038212
