username
blancaconsuel15
giornalepmi
iemm_italy
italiantexstyle
valeria__bosco
artigianiarezzo
catia011980
prestitimutuion
studiomarra
exportvie
manifut
telecontabile
nardmarc
confartsondrio
vergavarese
intermediagr
maxicubostorage
contributieuro
miriamilli
univaservizi
artigianipavia
pronosticiciano
artigiani_br
giorgia_speri
pubblicrea
impresa_web
aatmts
criemme
giardango
meggiorinitito
artigianicomo
mara_zenatti
confpaolo
adamimichele
